934f32ff-c6d7-4eac-a007-432c9747f56c|1988|9|2
02ec5b4d-f73a-455b-846d-34707636f6f3|1988|9|11
10f6d41c-e467-43e4-95ba-e6839d742efe|1988|9|18
ade20448-26d8-4f3d-9ceb-39cd17630cf3|1988|10|1
7d6d4800-44e7-49c6-a0be-76b3c8bca013|1988|10|18
6dfceea1-ad44-4926-8d1b-10fe45d80891|1988|12|9
077126aa-e3d1-47b2-a594-0451e7baba62|1989|2|6
39e1c296-191c-4eb9-bd72-017282e1618b|1989|3|27
1a85bb65-4d9d-414f-a965-e7ea4d5f9f5a|1989|4|6
ec6c8d80-0e4e-47cd-8f20-97c3ce012d9e|1989|4|16
69db01dd-6639-44ed-be9c-b96a04a420ea|1989|6|21
b4af4eb8-86d1-47a5-b700-ada259924b5f|1989|7|7
7541406d-2c63-4e85-ae1f-f4fd538cc0ec|1989|7|18
4eac19a3-c1e0-4ea3-a47c-f6a4c16d167a|1989|8|6
a582bcc3-ba42-427e-ab8c-34011e392fc0|1989|10|1
a96986f0-075e-4b71-affe-152db9345197|1989|10|14
b6bde3d3-c313-4149-9104-7751f8b66b6c|1989|10|20
8370200f-ccac-49b3-a546-5e6dc855e0f0|1989|12|6
95c58115-c935-45cc-bfbd-eeb56f229c52|1990|2|26
dbb109b4-1fd3-4ddc-b22c-c09e60541cc6|1990|3|16
84cb7926-7e48-4638-b6e9-607a6dc3a636|1990|6|15
782dccb0-3c67-4f9f-8cfc-456c717483ea|1990|7|4
d59ab86c-c094-42f0-958a-62ea433f6fe5|1990|7|16
8596366f-b87d-4c65-9ebb-631d7b5c0afd|1990|7|21
922aa525-d50e-495c-843c-03ae18d56855|1990|9|14
44d4cbd9-2aa5-467d-bd6f-eee06dd1af90|1990|10|19
e5d68f60-8b9e-4fe7-8e9c-fd0134835217|1990|10|31
920c1f4e-a6d0-470f-b789-a54cb8f090f5|1990|12|9
880feae6-dfbc-4f05-8eed-b3f61e2c4153|1990|12|27
68c3b0ce-f04e-4503-982b-d27e4fc5d4ac|1991|2|20
270e46b6-d5dd-42c4-b3b2-73d315d0f293|1991|3|21
cf7c5a95-81eb-4a66-a2a8-5ef129be005a|1991|3|27
0461599b-cf51-4feb-a6f6-f6f28511acc6|1991|4|27
02791d53-051e-435f-a5d8-0be3f4b2ec41|1991|6|7
4721faa5-ca59-439c-b273-ec655b1b082e|1991|6|19
edaf1bc9-57ec-464f-b482-dfb2308d8e21|1991|6|25
a3269d75-aa77-4c31-b0ce-080175822315|1991|8|16
bbff6d31-74c2-4cf4-ac4a-55751f9b80c1|1991|9|4
ef23b2c7-f437-4b29-83bb-fbe23133d682|1991|9|13
2699f1f3-367b-4c44-bffd-07b40d7977da|1991|10|31
81000e90-c46a-4168-9fe8-aaced1722174|1991|12|27
dc4b06d1-44c7-4818-898a-2dbec8022b13|1992|3|1
8073c231-8157-4c41-a865-f7f296665a90|1992|3|16
d1b35a64-cb31-4792-ba25-70e88ede380b|1992|5|21
b70cd33e-a9da-4135-8015-65b2bfdc7421|1992|5|31
4f44722f-d904-48b7-83b2-1720164d5e55|1992|6|12
b44290fc-2145-4713-ac1b-7f83fed8e6da|1992|6|22
740feef6-14a3-4130-985d-cf54cb3f1869|1992|12|5
7c5649d9-7497-4bad-9cba-ad71bb988051|1992|12|17
b742e9df-f49a-4174-9e5e-b7b8bf351f18|1993|2|22
dbdbaaa0-e618-473c-8031-fb95663cd95e|1993|3|16
19691d92-452f-4bfa-b004-f988156b5521|1993|3|28
50a139d1-043c-475b-b030-75eab4850607|1993|4|2
e260e549-4739-4eb2-bbbf-2d6303c16a93|1993|5|14
e7a66cef-182b-4049-aae0-4ed1211ee0b3|1993|6|5
4e2a7861-f9dd-484a-929b-9ff83115f8ed|1993|6|21
5e18034a-9af4-4f8c-8fe6-d5358c775d0f|1993|8|25
540a1e58-27bf-4d94-a729-cf0da9c027e6|1993|9|13
2e055d24-39ab-4c3b-b737-eccc16a29b3f|1993|9|24
8dddf0c0-4f45-4f9b-ac32-7cf0ea38902f|1993|12|10
1009c4e2-5c1d-45c6-a21d-98a78b3403d9|1993|12|19
75df6d92-416b-4852-b2e9-6b0f8e3686e2|1994|3|16
a3c18eea-043a-4039-9574-c1631e1dcca4|1994|3|30
fe3a7f34-8f5b-4e36-87fd-3fe50c3449f2|1994|6|13
2519691d-6e4c-4322-86a1-30429da897ad|1994|6|19
1d188d7f-8ee0-45e2-b582-1a323ba83e96|1994|8|1
8606951c-18dc-4602-b758-4a9229ac6706|1994|10|14
af013b91-2d05-4b38-8bad-d65c8e2b2291|1995|6|21
92a61ab9-2481-4e3e-af44-18b5b4382274|1995|7|2